t v1 v2 v3 v4 v5
0.000000 3.0 2.0 0.0 0.0 0.0
0.050000 2.95239607356 1.93872727697 0.0362922164896 0.0362922164896 0.0362922164896
0.100000 2.90928340234 1.87986737008 0.0702830758571 0.0702830758571 0.0702830758571
0.150000 2.87024212977 1.8233560505 0.102133939909 0.102133939909 0.102133939909
0.200000 2.83489128564 1.76912738562 0.131993776247 0.131993776247 0.131993776247
0.250000 2.80288521825 1.71711425482 0.160000175644 0.160000175644 0.160000175644
0.300000 2.77391035077 1.66724880162 0.186280282539 0.186280282539 0.186280282539
0.350000 2.74768223268 1.61946282874 0.210951646195 0.210951646195 0.210951646195
0.400000 2.7239428597 1.57368814198 0.234122999438 0.234122999438 0.234122999438
0.450000 2.70245823801 1.52985684818 0.255894971271 0.255894971271 0.255894971271
0.500000 2.68301617064 1.48790161208 0.276360739095 0.276360739095 0.276360739095
0.550000 2.66542424609 1.44775587647 0.295606625812 0.295606625812 0.295606625812
0.600000 2.64950801075 1.40935404961 0.313712646547 0.313712646547 0.313712646547
0.650000 2.63510930852 1.37263166327 0.330753009402 0.330753009402 0.330753009402
0.700000 2.62208477256 1.33752550489 0.346796574182 0.346796574182 0.346796574182
0.750000 2.61030445523 1.3039737265 0.361907272756 0.361907272756 0.361907272756
0.800000 2.59965058383 1.27191593315 0.376144494341 0.376144494341 0.376144494341
0.850000 2.59001643051 1.24129325319 0.389563438766 0.389563438766 0.389563438766
0.900000 2.58130528622 1.21204839246 0.402215440438 0.402215440438 0.402215440438
0.950000 2.57342952897 1.18412567435 0.414148265559 0.414148265559 0.414148265559
1.000000 2.56630977795 1.15747106742 0.425406384877 0.425406384877 0.425406384877
1.050000 2.55987412568 1.13203220212 0.436031224064 0.436031224064 0.436031224064
1.100000 2.55405744101 1.10775837802 0.446061393656 0.446061393656 0.446061393656
1.150000 2.54880073648 1.08460056273 0.455532900265 0.455532900265 0.455532900265
1.200000 2.5440505942 1.06251138369 0.464479340702 0.464479340702 0.464479340702
1.250000 2.53975864493 1.04144511381 0.47293208042 0.47293208042 0.47293208042
1.300000 2.53588109534 1.02135765173 0.480920417646 0.480920417646 0.480920417646
1.350000 2.53237829914 1.0022064977 0.488471734385 0.488471734385 0.488471734385
1.400000 2.52921436809 0.983950725653 0.495611635418 0.495611635418 0.495611635418
1.450000 2.52635681906 0.966550952048 0.502364076298 0.502364076298 0.502364076298
1.500000 2.52377625396 0.949969302213 0.508751481275 0.508751481275 0.508751481275
1.550000 2.52144606952 0.934169374534 0.514794851983 0.514794851983 0.514794851983
1.600000 2.51934219401 0.919116202983 0.520513867668 0.520513867668 0.520513867668
1.650000 2.51744284866 0.904776218386 0.525926977653 0.525926977653 0.525926977653
1.700000 2.5157283312 0.891117208738 0.531051486686 0.531051486686 0.531051486686
1.750000 2.51418081981 0.878108278892 0.535903633765 0.535903633765 0.535903633765
1.800000 2.51278419524 0.865719809864 0.540498664965 0.540498664965 0.540498664965
1.850000 2.51152387972 0.853923417997 0.54485090076 0.54485090076 0.54485090076
1.900000 2.51038669091 0.842691914178 0.548973798303 0.548973798303 0.548973798303
1.950000 2.50936070958 0.831999263269 0.552880009051 0.552880009051 0.552880009051
2.000000 2.50843515968 0.821820543922 0.556581432133 0.556581432133 0.556581432133
2.050000 2.50760029976 0.812131908886 0.560089263785 0.560089263785 0.560089263785
2.100000 2.50684732454 0.802910545916 0.563414043183 0.563414043183 0.563414043183
2.150000 2.50616827577 0.794134639383 0.566565694948 0.566565694948 0.566565694948
2.200000 2.50555596156 0.785783332653 0.569553568597 0.569553568597 0.569553568597
2.250000 2.50500388319 0.777836691296 0.572386475173 0.572386475173 0.572386475173
2.300000 2.50450616899 0.770275667183 0.575072721275 0.575072721275 0.575072721275
2.350000 2.50405751438 0.763082063497 0.577620140706 0.577620140706 0.577620140706
2.400000 2.50365312761 0.7562385007 0.580036123898 0.580036123898 0.580036123898
2.450000 2.50328868061 0.749728383472 0.582327645305 0.582327645305 0.582327645305
2.500000 2.50296026461 0.74353586864 0.584501288917 0.584501288917 0.584501288917
2.550000 2.50266434983 0.737645834098 0.586563272024 0.586563272024 0.586563272024
2.600000 2.50239774911 0.732043848729 0.588519467388 0.588519467388 0.588519467388
2.650000 2.50215758495 0.726716143324 0.590375423908 0.590375423908 0.590375423908
2.700000 2.50194125973 0.721649582493 0.592136385927 0.592136385927 0.592136385927
2.750000 2.50174642868 0.716831637552 0.593807311255 0.593807311255 0.593807311255
2.800000 2.50157097558 0.712250360386 0.595392888011 0.595392888011 0.595392888011
2.850000 2.50141299062 0.707894358257 0.596897550375 0.596897550375 0.596897550375
2.900000 2.50127075048 0.703752769557 0.59832549332 0.59832549332 0.59832549332
2.950000 2.50114270031 0.699815240472 0.599680686404 0.599680686404 0.599680686404
3.000000 2.50102743739 0.696071902542 0.600966886691 0.600966886691 0.600966886691
3.050000 2.50092369636 0.692513351101 0.602187650847 0.602187650847 0.602187650847
3.100000 2.50083033595 0.689130624563 0.603346346495 0.603346346495 0.603346346495
3.150000 2.5007463269 0.685915184544 0.604446162853 0.604446162853 0.604446162853
3.200000 2.50067074104 0.682858896778 0.605490120728 0.605490120728 0.605490120728
3.250000 2.5006027415 0.679954012824 0.606481081893 0.606481081893 0.606481081893
3.300000 2.50054157378 0.677193152525 0.607421757899 0.607421757899 0.607421757899
3.350000 2.50048655773 0.6745692872 0.608314718356 0.608314718356 0.608314718356
3.400000 2.50043708031 0.672075723537 0.609162398719 0.609162398719 0.609162398719
3.450000 2.50039258898 0.669706088183 0.609967107613 0.609967107613 0.609967107613
3.500000 2.50035258583 0.667454312978 0.610731033729 0.610731033729 0.610731033729
3.550000 2.50031662223 0.665314620837 0.611456252311 0.611456252311 0.611456252311
3.600000 2.50028429396 0.663281512236 0.612144731269 0.612144731269 0.612144731269
3.650000 2.50025523688 0.661349752295 0.612798336943 0.612798336943 0.612798336943
3.700000 2.50022912299 0.659514358419 0.61341883953 0.61341883953 0.61341883953
3.750000 2.5002056569 0.657770588494 0.614007918203 0.614007918203 0.614007918203
3.800000 2.50018457256 0.656113929602 0.614567165947 0.614567165947 0.614567165947
3.850000 2.50016563042 0.654540087242 0.615098094112 0.615098094112 0.615098094112
3.900000 2.50014861482 0.65304497503 0.615602136718 0.615602136718 0.615602136718
3.950000 2.50013333158 0.651624704868 0.616080654518 0.616080654518 0.616080654518
4.000000 2.50011960594 0.650275577554 0.616534938836 0.616534938836 0.616534938836
4.050000 2.50010728059 0.648994073822 0.616966215197 0.616966215197 0.616966215197
4.100000 2.50009621397 0.647776845787 0.617375646749 0.617375646749 0.617375646749
4.150000 2.5000862787 0.64662070878 0.617764337508 0.617764337508 0.617764337508
4.200000 2.50007736016 0.645522633568 0.618133335423 0.618133335423 0.618133335423
4.250000 2.50006935526 0.644479738915 0.618483635275 0.618483635275 0.618483635275
4.300000 2.50006217125 0.643489284507 0.618816181415 0.618816181415 0.618816181415
4.350000 2.5000557247 0.642548664186 0.619131870371 0.619131870371 0.619131870371
4.400000 2.50004994061 0.641655399513 0.619431553293 0.619431553293 0.619431553293
4.450000 2.50004475151 0.640807133623 0.619716038289 0.619716038289 0.619716038289
4.500000 2.50004009676 0.64000162537 0.619986092625 0.619986092625 0.619986092625
4.550000 2.50003592182 0.639236743744 0.620242444812 0.620242444812 0.620242444812
4.600000 2.50003217769 0.638510462553 0.620485786586 0.620485786586 0.620485786586
4.650000 2.50002882031 0.637820855356 0.620716774777 0.620716774777 0.620716774777
4.700000 2.50002581011 0.637166090628 0.620936033089 0.620936033089 0.620936033089
4.750000 2.50002311149 0.636544427165 0.621144153782 0.621144153782 0.621144153782
4.800000 2.5000206925 0.635954209695 0.621341699267 0.621341699267 0.621341699267
4.850000 2.50001852444 0.635393864705 0.621529203619 0.621529203619 0.621529203619
4.900000 2.5000165815 0.634861896463 0.621707174013 0.621707174013 0.621707174013
4.950000 2.50001484052 0.634356883231 0.621876092083 0.621876092083 0.621876092083
5.000000 2.5000132807 0.633877473656 0.622036415215 0.622036415215 0.622036415215
